w	x	y	z
0.6609603074037099	-0.6443685330685653	-0.3240688895029185	-0.20712320122140698
0.7781275251797741	-0.5677043673247795	-0.18710933600533347	-0.19292330667292312
0.5805891062496912	-0.7634588281881469	-0.2447366206666818	-0.14195384415513007
0.7555419288964049	-0.6352253771480386	-0.0667778638436257	-0.1455535324446438
0.6322620190676869	-0.7488402285009491	-0.058507324211148765	-0.189894561366959
0.7725608749091448	-0.6134380390049062	-0.10156947684859763	-0.12855780114070772
0.7186786356074182	-0.6371654874958145	-0.26831519866250275	-0.07435129072438867
0.6593878282707099	-0.657050217899593	-0.3272492407700912	-0.16248272985746245
0.7205864202514581	-0.5915846995107399	-0.21449686820486655	-0.29115948856989105
0.7677993787348063	-0.6226402594719956	-0.1072812822535368	-0.10627298705281746
0.7561776534918414	-0.5814436381531101	-0.25915045130554415	-0.15152457094141664
0.5796839191848058	-0.7359049613857588	-0.2248323335096096	-0.26806876628020626
0.6607697331681545	-0.6408231564721152	-0.3180813786290162	-0.2270534704149339
0.6519758126339618	-0.7343026514826858	-0.045667394073504584	-0.1834165883564445
0.6688833999381913	-0.7337862139599151	-0.08923176500956083	-0.07867961364151287
0.7417297395408837	-0.5842104817905067	-0.27887816833907014	-0.175391201804885
0.7699844621094089	-0.5707699970842492	-0.16989138388037173	-0.2290904978861903
0.5716473066463464	-0.7580755241381802	-0.2490050654207544	-0.19114741405890576
0.7408767190507868	-0.6315052262753217	-0.2205899424998884	-0.06035655410468893
0.7197142895585372	-0.6051694974313109	-0.15561423157654766	-0.3025978052049041
0.7753316515355867	-0.5947166477834188	-0.10468624848593683	-0.18496953358402918
0.6175908663835044	-0.7339988892402335	-0.09109533152992229	-0.26744867344451206
0.6842500200109266	-0.6536597802151343	-0.10319840662973577	-0.30639988693410514
0.7417929766191209	-0.6480693985071452	-0.05091521039858399	-0.1647934340536638
0.6236768959113892	-0.7652117183081447	-0.0830018293669961	-0.1363409402636
0.6535787661514427	-0.7395575377907974	-0.05082692356658644	-0.1526632522040821
0.7383986439464525	-0.6484572437368544	-0.04818717943334287	-0.17874182890834606
0.7430501462107136	-0.6485502826366265	-0.05278414995927074	-0.15643798969964431
0.6544357648447924	-0.7244531224305375	-0.04483338808079987	-0.2118288705673818
0.5717112553279061	-0.7505601727832343	-0.22149699357269736	-0.2464644992716954
0.6531068774926524	-0.6518496357857773	-0.208317288609682	-0.3242643461191154
0.7248413227540269	-0.6785826829218887	-0.09839510227665087	-0.06670084793082615
0.7416708611653823	-0.659395151783458	-0.08805278962481228	-0.08584330924398788
0.6661229897254666	-0.7269161155580824	-0.042365083951156415	-0.16148784215217524
0.5769466726140208	-0.7558025931998358	-0.17006935789724206	-0.2587883122871531
0.7067946528821338	-0.6880983835910545	-0.03694283584171805	-0.15999112486814282
0.7269611609570618	-0.6617282601410803	-0.041398275942275055	-0.17868789253787412
0.6272262442909412	-0.7156435315764194	-0.2903247488807618	-0.10076266358544528
0.5831821991944208	-0.7322284685431675	-0.27789737227729666	-0.21566882685974847
0.6512147898990649	-0.748068187449473	-0.0929254025361242	-0.08762507578470852
0.6539861705125066	-0.745739954554778	-0.08017450405954031	-0.09872212445967188
0.7218800118890936	-0.660803502161997	-0.20132750074377967	-0.04117301798150169
0.7016444285836123	-0.6252363199012382	-0.31250792828080226	-0.1382513467405424
0.74980044419482	-0.5748177175829765	-0.19837652460623134	-0.2608268389623685
0.7710377922175714	-0.6171024514750685	-0.10850399205621672	-0.1136317344036357
0.5872951937357793	-0.7830312514552419	-0.15648092877844672	-0.1321367987652406
0.7839943581146155	-0.5754888315242263	-0.16163738266788502	-0.16744792551598864
0.7603714454129147	-0.6335657897731227	-0.11308247365667182	-0.08741858601877621
0.6457261796965503	-0.7372245510652499	-0.04872471557865526	-0.1927785368056262
0.6253242637624609	-0.6783044884112714	-0.3156706022826522	-0.2218663043491893
0.5833414957189821	-0.7273306078515387	-0.252959320171326	-0.2582914411921393
0.772833552207602	-0.6069905261646856	-0.16007298568531753	-0.09309909227423174
0.6684069475766843	-0.7174933270843872	-0.1922912362357808	-0.03820416845726515
0.5757850676963894	-0.7677976120885671	-0.1522569683230385	-0.23616985050178552
0.6428803019511733	-0.7536616031769293	-0.1112101368329381	-0.07957016228177508
0.570014970422445	-0.7538872552598324	-0.22491452549126745	-0.23696074796078226
0.7271701667324759	-0.6438538096652316	-0.23181511191910548	-0.054199393721363814
0.6591487923873648	-0.6969950254847238	-0.27419857155496313	-0.06734944172779579
0.6271911107833652	-0.6865032700604845	-0.1780175615775712	-0.32195390744727054
0.7145038222731872	-0.6696710188402332	-0.037981498639987586	-0.1989533117179763
0.7537421233486346	-0.6022543209715908	-0.24401138708380685	-0.09808663178219666
0.7318440440170888	-0.6348332018184136	-0.23976818523854102	-0.06246853970689013
0.5751393794854566	-0.774843123096224	-0.21682016058664422	-0.1477221944013677
0.6317487136991764	-0.7472299845650806	-0.05856064083795593	-0.19776643863647164
0.6397536073723186	-0.7523024862627976	-0.14390857016328498	-0.06361300535642991
0.7113262178529666	-0.6887625068772536	-0.044837689157878904	-0.13270569899645054
0.6268737009715006	-0.7583232878614586	-0.06755666967309401	-0.16556343346270994
0.6269811497124596	-0.6870310822017445	-0.32181352431467775	-0.17697170836636114
0.7291642285005661	-0.5918363070279096	-0.2925862749300985	-0.18011825360376194
0.631946755689314	-0.7049618977048644	-0.11114437021647229	-0.3021902541897908
0.5774838732869758	-0.7465406940516207	-0.1937244463592187	-0.2676942418155656
0.6818377818212537	-0.7211326111515115	-0.10743330472388876	-0.05935555113870511
0.578536025481534	-0.7770680641823555	-0.20673656525938824	-0.13682574111864704
0.6725308453031702	-0.6524711934432156	-0.1361314089410063	-0.32163930627696224
0.5902882140865011	-0.7227073639054663	-0.28976597947072924	-0.2128134573018112
0.6654731232701259	-0.7171921180080189	-0.20301928709344802	-0.039549426548862454
0.5803580949652739	-0.7326653562520464	-0.2597578964720697	-0.24271751600728206
0.5690141339981455	-0.7565475048064167	-0.23206176528447528	-0.22362049408446066
0.5790271855202093	-0.7394126277299378	-0.2703583302500571	-0.2119029439305991
0.6133793905853997	-0.7072432152500782	-0.16229035244678483	-0.31182462890303186
0.6609014287723378	-0.7286056425744462	-0.042218391245215356	-0.17481626496418046
0.609785491209417	-0.7649658383441886	-0.08142283807008967	-0.190680996214815
0.758496962809777	-0.635896136205033	-0.08269971871795075	-0.11610003398718456
0.7387681255440798	-0.5858497800385747	-0.17684143443703224	-0.28236288526485387
0.7648339919208827	-0.6273256322385756	-0.0991504956818827	-0.10798469866085246
0.5782980015036188	-0.7747535452391695	-0.21522637728702532	-0.13786214896105978
0.6461350405154417	-0.7166408736005032	-0.06156009144580728	-0.25523660169419216
0.7345756380935274	-0.6564025876550063	-0.16560017663823046	-0.04594405659805684
0.5885196205109701	-0.7559965740345304	-0.12913377912727503	-0.2558091151815838
0.6871218717243047	-0.6155647750164235	-0.30640419118092704	-0.2346487007929721
0.5815572210824141	-0.7689344785606704	-0.23018998147021028	-0.132452024213577
0.6036613944114647	-0.7775875091412476	-0.13475884318338377	-0.11309571481091674
0.5981946314172423	-0.712752389429361	-0.2104885983751641	-0.2997361577460833
0.753811809122196	-0.6377424157157314	-0.14425309337677827	-0.06514148199277843
0.7432340960277819	-0.5808086319431826	-0.18684578747761812	-0.27450512429447116
0.6349413836539479	-0.7572217112204648	-0.07182070543069888	-0.13530153602748846
0.7254575290956519	-0.5849202526417663	-0.26899698792650867	-0.24335219747187253
0.5939245069739354	-0.7722891477637707	-0.10389381531616958	-0.20007305516017393
0.7041015842563405	-0.6626751448576772	-0.05208628516727377	-0.24977916312823464
0.6097662168045848	-0.7713619451805059	-0.15849047477758854	-0.08981469688166155
0.7302660061648789	-0.6613761591548235	-0.16551991387367385	-0.043546463149855746
0.5992425965009189	-0.7048856506505724	-0.2847460537590209	-0.25092671223769836
0.7471375052313453	-0.6038411485623445	-0.2580789132026745	-0.10274575485009774
0.6788020481107161	-0.7097647506426146	-0.035632788652402436	-0.18491101264872603
0.701416351649654	-0.6059288527856561	-0.21852176014026348	-0.305145157827465
0.6088209076185875	-0.7128231315697101	-0.3080481702021341	-0.1622547699784137
0.6171974235441547	-0.7672435345704417	-0.153820986962133	-0.08212066122668399
0.7628372416053932	-0.5970210448409087	-0.22691546963697432	-0.10076995820370156
0.611557210323376	-0.7740258164583406	-0.11114160459860248	-0.12053778529879021
0.7434743510360469	-0.6467930167571082	-0.1617084136838309	-0.05248877755889461
0.7330623977477986	-0.6504796645078048	-0.1933514767444663	-0.04594489646082606
0.6616406531172213	-0.721863681856121	-0.04072684352108946	-0.19871032981843229
0.67847488297758	-0.7084018656046822	-0.03561842184966994	-0.1912327325572268
0.7404411026377252	-0.6421779522581472	-0.19170131148092243	-0.05103977208664606
0.6951625022118095	-0.6637518770368555	-0.06232501449133448	-0.26888312296855277
0.6375307107492819	-0.6711472819106707	-0.32490086461084333	-0.1937920199867898
0.5804243320738964	-0.7430255828572566	-0.18950222028069613	-0.2740610998753595
0.7566543926018101	-0.6308755096411738	-0.06589532813418389	-0.15851822362574924
0.60761415212275	-0.7721742715839015	-0.09150866225299041	-0.1617964807302399
0.731160213032049	-0.6544968850292292	-0.04406033131226746	-0.18734262080641909
0.6014288795095842	-0.7418889917515052	-0.11704813970730915	-0.272366957982864
0.6095374215124045	-0.7264710725270443	-0.12501954381816596	-0.29167452103485586
0.6492229624421532	-0.66015936408199	-0.3270900521475584	-0.1889742226834241
0.7745460751630368	-0.6051029975482483	-0.15619674393810892	-0.09762846403991411
0.5816524834935831	-0.7343570850197637	-0.27479412503239176	-0.2165369459808298
0.6849525730505157	-0.7109694800353638	-0.03858217175951208	-0.15451144666995276
0.7287929794774766	-0.5845663515157901	-0.2782811573252998	-0.2229407347649861
0.6062505036025436	-0.722648683938645	-0.14410703626404503	-0.2991193216470639
0.6500374678212612	-0.6488650201876427	-0.24356189344030713	-0.3116136711846661
0.6420070943199722	-0.6695437001927644	-0.32651375484416956	-0.1814576872787959
0.6382187903044413	-0.6772716611896541	-0.1681390152627401	-0.3251294268414008
0.6591763650529455	-0.6375510787009757	-0.29516818436274694	-0.26812475593053203
0.6904828335401878	-0.710266189381617	-0.04613275364529369	-0.12894636810989554
0.7021196403960921	-0.6045840327099191	-0.30262851188413586	-0.22343263359918392
0.5865721574851833	-0.7523518153129244	-0.14143467917738797	-0.2643786708199319
0.7165143929537464	-0.6348971124991281	-0.08214401219652115	-0.2770652314720336
0.5782736320325084	-0.7652281837854976	-0.1470860412565584	-0.24164256600142642
0.6848626947521882	-0.6291099347784925	-0.3226672486347401	-0.1762657821537083
0.6124695717364278	-0.7382189683581344	-0.09602637160658349	-0.265881015511305
0.7577401173998692	-0.6379396531495528	-0.09223789778821069	-0.1017599313771006
0.6952109456825424	-0.6277484685298637	-0.3173074163479582	-0.14808647741161007
0.7675931704949893	-0.6122317601413243	-0.08228009663482505	-0.17088880063207712
0.5806198227656472	-0.7403191403107635	-0.27503370225548235	-0.19790061779783097
0.681603884423713	-0.7076187126857423	-0.03519392287946669	-0.1829024056370843
0.6363151607790485	-0.6636373647701949	-0.2385713325427053	-0.3126854386318668
0.7781321042082755	-0.5676684742521214	-0.19182224049738195	-0.18832726778465875
0.6715969051294532	-0.7022468065676871	-0.23224249627544247	-0.04324861396364821
0.7613269873547057	-0.5682225118220151	-0.2071264619857884	-0.23367289986076084
0.6715148773571823	-0.6647867429406045	-0.309693704741015	-0.1059063980228572
0.6223633711055877	-0.688669725253751	-0.3197477658814426	-0.19015575205298826
0.6101028288991843	-0.7723294791249987	-0.09299031939623123	-0.15044771298463644
0.6483966632326931	-0.6535964509643484	-0.22375514879053082	-0.31988604187310976
0.6968773889305977	-0.6895789292925724	-0.19406906845869973	-0.03435115340937284
0.6446533364161007	-0.6973374769964235	-0.29812831235327125	-0.09623943265233013
0.744783487061563	-0.6479110319548999	-0.1498339374575754	-0.05530500210211228
0.5867391524626986	-0.7322680070719961	-0.1939653058519752	-0.2861786031692636
0.5872162960880837	-0.7245501518473931	-0.2818243456029764	-0.2253422669894964
0.6953345382561262	-0.6075946424815833	-0.29708163252708863	-0.24306611024751323
0.7653487190746746	-0.5673720226947615	-0.20173026757807855	-0.22723385578933122
0.6057606716345132	-0.7751921027807206	-0.10059744675674687	-0.1483622802242251
0.7451306215755376	-0.6490818846500513	-0.14203449407357674	-0.05743924009641231
0.7643461138402734	-0.5791097467398797	-0.14553548917788817	-0.2433646253626377
0.741950326799795	-0.6128378267706633	-0.2565838354829014	-0.09002358585154834
0.6192776474536658	-0.7630515360879173	-0.16946534376894581	-0.07435755442048948
0.774578766747233	-0.6005545034692202	-0.09840263202826488	-0.1722757802974164
0.604030392279903	-0.7571398609242542	-0.2313592355033872	-0.091429865739132
0.719930735263654	-0.6311509968882463	-0.2761096841957592	-0.08433029018701052
0.7321113302227866	-0.6610836501043132	-0.04541363049234127	-0.1578575620288265
0.7233677811460351	-0.6553267868464258	-0.21284152450018445	-0.04454594358455427
0.6092909760282117	-0.6956651232931429	-0.30497053207206015	-0.22761264756557298
0.6637611077926538	-0.6730518164518666	-0.10473827157454482	-0.30895361888200745
0.7116494484980463	-0.6107601514502577	-0.308803865739041	-0.15864196278888165
0.6318559922101465	-0.7351728974648956	-0.23706783557007327	-0.06385653670002693
0.6365911934117027	-0.6895590724852416	-0.31739426950185495	-0.13609120365159957
0.5845667604764437	-0.7714742053974469	-0.12274480619756108	-0.21918705596813193
0.7235676336694683	-0.5917071548400087	-0.29328763156331944	-0.20078567575672976
0.6930385228773922	-0.7048527972523895	-0.14592718929493292	-0.039817024473018325
0.6339610714074986	-0.6827872897541135	-0.3234786870807381	-0.16509517223289827
0.7336154865776895	-0.6595052615965709	-0.046343137218102404	-0.1572050934690179
0.6068866625293716	-0.7677299191403836	-0.18691036626413218	-0.0856963539695152
0.7591949763146879	-0.5945118451570034	-0.1093541085017064	-0.24128889916519725
0.6112473074402001	-0.7725761702905758	-0.14281044160560483	-0.09543567474830783
0.5719178354751041	-0.7676283205543122	-0.23531740955793254	-0.16817392100852568
0.5808493881792813	-0.7546206137432719	-0.2618175974640095	-0.15688614732874234
0.7565787962180179	-0.6176677173609656	-0.20234087398763453	-0.07164695916303286
0.5984341326470787	-0.743460162224459	-0.2723256221047675	-0.1224023349996683
0.7526230528122017	-0.6429233250820712	-0.12268262845484383	-0.07181302887684049
0.6257649626440296	-0.7658238134592857	-0.10887820421277132	-0.10038742407889222
0.7749791099720295	-0.6040175080113237	-0.09867179568634428	-0.1575884064859591
0.7234857615902064	-0.6374880241983286	-0.06730476237050839	-0.25621756524914446
0.6462292293639308	-0.7514373499539018	-0.08058140181992979	-0.10600155607674959
0.735214269055925	-0.6450320366128401	-0.20242484513999004	-0.049171459096762765
0.5682980432377892	-0.7789935179131982	-0.18232061631169955	-0.19226446881585166
0.737359120018574	-0.65694901721269	-0.14903447220731456	-0.050082362190717045
0.771164545482094	-0.5747659151126473	-0.15190671716254295	-0.22775806439512813
0.6515555932617646	-0.6694408802819998	-0.32465555444299915	-0.14806413362418283
0.7603639050316409	-0.589608300246015	-0.12004406816647678	-0.24453671688333634
0.7745313002653604	-0.5771335784282509	-0.1414377960713447	-0.21682584578950131
0.6397684582482739	-0.7226183103433598	-0.06457852612200729	-0.25367047788625974
0.7585122843085046	-0.5686175274935709	-0.2159757415244855	-0.2338540165426732
0.7567095397470573	-0.5866060216145602	-0.25577998365059357	-0.13364373470176893
0.7220616809087528	-0.5876481203679313	-0.23785821269111065	-0.2769839097251928
0.7089032837975449	-0.6963849584785967	-0.07873209715472329	-0.079406427343381
0.6974034091437162	-0.6888843053402146	-0.03441520694751057	-0.19463425264174866
0.6230929584123682	-0.7176004643521803	-0.10708306248277026	-0.292126610338341
0.6360054344283929	-0.7511346296221453	-0.16671887652456344	-0.05914957117630859
0.5934605550882608	-0.7686961495474164	-0.21430764014932743	-0.10479997423155937
0.7376333634537778	-0.6604833420287759	-0.12825798716988096	-0.056645077010242836
0.596595664330321	-0.7137355025293058	-0.2155476128905946	-0.296975541600093
0.6063961200442022	-0.6975225545313741	-0.29867495347741135	-0.2377799480204961
0.7521995499941673	-0.627910197250586	-0.06223323971845703	-0.1898727074949091
0.6340942050122409	-0.7603231734353654	-0.0926259069090725	-0.1060832337192886
0.7830778303598833	-0.5727129784059762	-0.17373422156701432	-0.16913123963572538
0.7737304773060196	-0.6071797074277211	-0.15322895976908835	-0.09588971406709401
0.6313662569636621	-0.7190757172649243	-0.08527629969511419	-0.2775512837620077
0.7010364637227873	-0.6188710333548847	-0.16130389060967792	-0.3154799129572074
0.5973800890742057	-0.7732327366169831	-0.18796704608127665	-0.09958189488548846
0.7446064154708569	-0.5770005641915902	-0.2038028667738118	-0.2666383814401147
0.7418334296684096	-0.639914653858706	-0.052510101134008516	-0.19348149183369728
0.7271263059621077	-0.6630881386067984	-0.17284379560028906	-0.04155090780423332
0.7634339954188804	-0.5964808936209023	-0.2260243602548338	-0.10144982383113188
0.6211506563402633	-0.7625551240541802	-0.165147663759259	-0.0735377050337612
0.7270203497100084	-0.6631282625482013	-0.1731497847157788	-0.041490608217042146
0.7758211203369231	-0.5931605923496508	-0.10712590536541675	-0.18651043220745758
0.708653226269519	-0.6127156131362994	-0.3108786887365515	-0.16045131101444043
0.6906102333724605	-0.6577387543934206	-0.08103439251886264	-0.28960432275662923
0.5679303337030029	-0.7631544397943748	-0.20325824441336085	-0.23181139566494138
0.6867091638640199	-0.7160215337676549	-0.11286604251214329	-0.05481736854173705
0.6586660338476868	-0.7217181870387644	-0.04259223036558869	-0.20848936727162218
0.6296758931121061	-0.7606347866458154	-0.0751008282305586	-0.13893472055908207
0.7055582794939369	-0.6890831694888606	-0.16128650065516403	-0.03658639735138394
0.7797386095184444	-0.5966663578366246	-0.11512039640619676	-0.15081197758633041
0.7708020853881488	-0.6112802010681192	-0.08882542741466773	-0.1559189032414042
0.7192326394225469	-0.6700720969876284	-0.038213913345075116	-0.179575867127891
0.7232560170041165	-0.590632086502424	-0.20821200594919648	-0.2910364802559051
0.6718479150476767	-0.7130518151450693	-0.19694506868464856	-0.037284418799420155
0.709730589746834	-0.6348995411171608	-0.29038666452823075	-0.09413101365117915
0.7090647953449434	-0.6220883513458157	-0.3060113771613131	-0.12880309068541468
0.6787948636994929	-0.7205251755112109	-0.1338336549137128	-0.046578506654494145
0.7147677466723836	-0.6802095847828856	-0.03875969957155389	-0.1578596679823578
0.7703377859027115	-0.6165327815945134	-0.09431816247768178	-0.13255606005261983
0.6330386580350954	-0.6774980492049116	-0.3241104106034356	-0.1876456567446661
0.7419801575429746	-0.5762422183785745	-0.2224221817968351	-0.26065057954161047
0.7297884945828021	-0.6065886087579951	-0.2889436609002226	-0.12637473531202492
0.5736424618215391	-0.7790970266808834	-0.20156531339043565	-0.15268783006561537
0.5865493260555136	-0.7544128811175081	-0.2604908270441975	-0.13771572870820975
0.6872064029305407	-0.6378222945622118	-0.1388394841378436	-0.31883173928421804
0.7111882660251675	-0.6175809740247449	-0.30660564730957596	-0.13710568124129235
0.7006580107079066	-0.6553246417597928	-0.06837413944367489	-0.2737753513166867
0.7246753857614103	-0.6259725515187987	-0.27446558640816127	-0.0875933324758234
0.6246962867968902	-0.7585132309721015	-0.06790892833297406	-0.17262851779213023
0.7300282893479937	-0.6576901417617981	-0.18070010229929184	-0.04300985015102138
0.7585192923262916	-0.5908112557822142	-0.247733522830957	-0.11924195937516552
0.6029557722480173	-0.7223005244845215	-0.3004636826310643	-0.1563581288643512
0.5990869872188145	-0.7575186269374875	-0.10091973370097258	-0.23890483238635496
0.6537183636445868	-0.7304940747139379	-0.044252486367450876	-0.19254200916155917
0.5855273372229034	-0.7316206179119704	-0.20314139189435604	-0.28394116240866935
0.7691179103615451	-0.5885919484520585	-0.11461289217813905	-0.22109057674415133
0.772375320310911	-0.6142215909771933	-0.12394819603085168	-0.10394732537569479
0.7285225457294404	-0.66672495165409	-0.15072477368301065	-0.04488632090015657
0.7406703468109159	-0.6442859698684614	-0.05022313871651182	-0.1837951651244271
0.6192368426298226	-0.755578362778106	-0.07000981376036564	-0.2018556325908302
0.6234840508043253	-0.7571085397564538	-0.1831531109206978	-0.06715084050516497
0.5786923680303435	-0.7398642777414385	-0.21229262912136157	-0.26953262015257606
0.7440251166809015	-0.6182962949707308	-0.0773396605149099	-0.24115325891406916
0.6182285554760468	-0.7413635947200163	-0.08020062924466247	-0.24847803260364093
0.7205011177452726	-0.6477533590611535	-0.24140058091549996	-0.05494983791117258
0.5717908302679873	-0.749717748586728	-0.24401322295201117	-0.2267952620758762
0.582150445886864	-0.7808069108529861	-0.13089688617931805	-0.18522265386960818
0.7119180733732422	-0.6390248890156313	-0.0812958821130684	-0.27966198807587156
0.7285433426829208	-0.6669004153916676	-0.1497823789697092	-0.04509626074290096
0.7608260809598499	-0.5843695891148984	-0.13402713839001826	-0.24837991872118714
0.6580949013415774	-0.6642956965090929	-0.32413639778202835	-0.14338034753971368
0.6048363151018902	-0.7557483745749469	-0.09102664923605211	-0.2339478048414842
0.6874124374508125	-0.6141106530439677	-0.3010190995377382	-0.2443762434635035
0.6036175163726912	-0.7772269397691776	-0.10930372926813285	-0.14006024701242542
0.7639979200999462	-0.5878900761167323	-0.12034599810386823	-0.23708495782483255
0.628635482475613	-0.7607416520756773	-0.07388728552419643	-0.14363230140775463
0.7759643141234769	-0.5914083818347827	-0.18996452502689046	-0.10967674472628094
0.6072930738625758	-0.768135836213285	-0.08565963752852736	-0.1839154318211031
0.7181056222593314	-0.6639543555118282	-0.2046289239012329	-0.04019866390111343
0.7743897246248349	-0.5871332871358073	-0.11644890891004059	-0.20502367947687195
0.640522331196403	-0.6785612017968854	-0.15580582057479173	-0.324053058818626
0.5713573134721093	-0.7505787230237843	-0.2274689701335926	-0.24174422125933384
0.7291875954646198	-0.5875077777633864	-0.2872298076040377	-0.2015418053700043
0.7247713687278345	-0.6114031747044296	-0.2926943843262442	-0.12337997575622525
0.7665128711928473	-0.5783781793256145	-0.23858933277226116	-0.14495457999998496
0.5828983523384925	-0.7469304744037891	-0.2729412083153311	-0.16681568886459128
0.6609761098137923	-0.7312580767445501	-0.04436360759681891	-0.1624933160849471
0.7086475837249837	-0.6804165298641237	-0.03538522197853091	-0.18330257508812087
0.7839260539728468	-0.5810422497785105	-0.14362166454952097	-0.1649929190811325
0.5872100261858811	-0.7215175398140892	-0.2499906496095194	-0.2685172247644674
0.6255266568192358	-0.67985158265381	-0.3181043499066408	-0.21290338123696706
0.7807821301633806	-0.5920229317433329	-0.16048082069466188	-0.11888658333357244
0.7700988153862354	-0.5807024426890727	-0.133859651798127	-0.2276270660886908
0.7843433036269758	-0.5778329546785766	-0.16291644243592157	-0.1561181966555168
0.714828848203162	-0.6859302670552162	-0.12751842039437106	-0.04752303624795931
0.6357177897267335	-0.7037375534237831	-0.104250103086147	-0.2995801457583467
0.6843097326164501	-0.7147072163747574	-0.04368238819065394	-0.13786092147598994
0.7742310777732975	-0.6089256798383919	-0.14035768607464721	-0.10037666363812488
0.609893567427291	-0.6906804552195233	-0.28720165860634334	-0.2617356538233376
0.6427091095290222	-0.6694007881588262	-0.17922726133427413	-0.32665757933250117
0.6646104084015266	-0.6776670527872382	-0.09244070927535071	-0.3008572516654445
0.7697865085306903	-0.5749821815756492	-0.15265562730641113	-0.23134494074071
0.6735207671428507	-0.6495117713255066	-0.3229360098707589	-0.14218498045033362
0.7063329612087246	-0.6363052549017879	-0.2944550899565941	-0.09749651528715766
0.7198355096919561	-0.664718937571684	-0.19602521521122496	-0.039492885707253095
0.743365285195698	-0.5876141006952953	-0.15730081259585946	-0.27816213938395706
0.5691061782280938	-0.7589475126873731	-0.2075627533300286	-0.23881904094590153
0.6178227468853269	-0.6972289059439764	-0.17780785288454828	-0.3170982081308912
0.7588465185970406	-0.5874152960186277	-0.12801236709537084	-0.2504157844209094
0.7636507297238238	-0.5787390904649602	-0.14785012640282508	-0.24502850504121082
0.7281585803983333	-0.5911172289404415	-0.2923783809075151	-0.1867629133954533
0.7044776684835031	-0.6060510929314813	-0.3080990623458216	-0.20368665922497187
0.7477868537083241	-0.5743716065669863	-0.25889698555957025	-0.20948610898776104
0.6823991385779459	-0.7135689410458972	-0.1536507944162049	-0.039271050635083654
0.5805043898573394	-0.7798940192257702	-0.19241191306815061	-0.13325774964964165
0.7680050935824024	-0.6207637538064289	-0.091636010914942	-0.12815373461289786
0.6460584342262194	-0.7298918234528392	-0.04998842357528213	-0.21764095003080874
0.6661997217746816	-0.7342048453882432	-0.11619063674670456	-0.06017401140158522
0.6712964359116547	-0.7317195144576959	-0.07753319465117932	-0.08908563869269727
0.7242513018129854	-0.5865338514125206	-0.2773806941663304	-0.2334481601409523
0.7089411856781239	-0.6440863254098661	-0.0761207856388529	-0.2770574428941325
0.7526682442692452	-0.6432211148977646	-0.11996344627043269	-0.07325218752535267
0.6634269967588051	-0.7288772949763814	-0.04304109888464949	-0.16355418871526053
0.6130821282479645	-0.7052692012178482	-0.31298389353251155	-0.16960760662692612
0.6790167300991509	-0.6620536017970333	-0.3025781360013206	-0.09522489279068994
0.6618295990977607	-0.6770799221715917	-0.10002534607781158	-0.30584193775906915
0.7689591598971379	-0.6122943290403978	-0.08463917674863863	-0.163198268356529
0.7559476379449824	-0.6245199172335796	-0.06590799965052531	-0.18486259017451545
0.7356027959310758	-0.6496625817121698	-0.046740140857521616	-0.18612473176362482
0.601052027153269	-0.7593307876039341	-0.0953958058419607	-0.23033205569242382
0.572902628533778	-0.7600053282841946	-0.24926703512150034	-0.17899839217282995
0.6284607429196348	-0.6861750627565026	-0.1741831031191439	-0.32227492060009233
0.6436815970277987	-0.653699166670317	-0.25727142718159873	-0.3035832898863489
0.6029491712289967	-0.7109222588863285	-0.30616307723340114	-0.1931476349148505
0.731500239769441	-0.6345407511888682	-0.24138824440547288	-0.06322301606820674
0.6945164276520115	-0.7082555479958238	-0.11529218613566197	-0.05223717326467173
0.7422154169485276	-0.6393964765783551	-0.19363220756594826	-0.05286765340211011
0.6543244321226779	-0.6434213494388341	-0.305752021163714	-0.2537404306923679
0.7774047109083551	-0.5885467595435131	-0.18961290093062427	-0.11533245462141246
0.5752675024812232	-0.7719586641059557	-0.22548476251848462	-0.14934437844373835
0.7154634739930362	-0.6026828088551115	-0.30519442552039794	-0.1781623190340858
0.7575439741907255	-0.6376436418345711	-0.08446138089814108	-0.11137319395638107
0.6883009373955189	-0.6328453463554283	-0.32058111208870654	-0.15157947667377691
0.7638003895058537	-0.581537847028696	-0.24341817220946052	-0.13845681963031053
0.6147340965326967	-0.7697733531650646	-0.08805360589792528	-0.14763989232424507
0.7835893220148721	-0.5795204627855772	-0.17114871793805808	-0.1444019528442137
0.7258141907902939	-0.5882568963643882	-0.21144257041408948	-0.2871230115191936
0.783214970860817	-0.5830954343340244	-0.13621788518492406	-0.16738790766973483
0.7447018249290885	-0.6498797546286781	-0.14060786940829043	-0.05748846433429276
0.7401873687207848	-0.6571728022540795	-0.13009823988724623	-0.05762824951325375
0.7297467782491546	-0.6501932744499677	-0.046432841152389534	-0.20630641472703948
0.5870895799921384	-0.7421545188123171	-0.27960998388707764	-0.16232914766541662
0.7554332370807431	-0.6264421720301553	-0.18086016692833276	-0.06465624049159363
0.7313538683875487	-0.6500858317757262	-0.20093475333218647	-0.04620774201758229
0.6017594503653677	-0.7138912769598058	-0.30499860592093736	-0.18767167863839493
0.6776460448789391	-0.722745544870433	-0.05029923395996018	-0.12611384655505903
0.6114994910842528	-0.7600554931664972	-0.20544632462574686	-0.07858643272794946
0.7391727703404544	-0.5877866972041077	-0.16747967368433808	-0.28298581780663856
0.6396814918776625	-0.658552343157307	-0.25039326832281616	-0.30727774317351103
0.7318840917544018	-0.5873035977111314	-0.1924363381846828	-0.28703382396237886
0.6737517410054403	-0.7264168349349703	-0.05209043572720348	-0.12515494365364865
0.5866333636697466	-0.7224395880843799	-0.2490007254535482	-0.2682181517377165
0.5865155405594017	-0.7564601349740607	-0.25636818665383776	-0.1343240028779722
0.7800133177502352	-0.5811581132913535	-0.19088377893872452	-0.13190092655465702
0.7703977567866102	-0.6151339564991347	-0.14058758759290513	-0.09128330687856707
0.7224729469535985	-0.5931980247083946	-0.19718443693522203	-0.29541029473053426
0.7073957905307289	-0.5975339747091744	-0.28463794029413036	-0.24804351947345027
0.6033593419872487	-0.7319157844304958	-0.13130762499550014	-0.28812340508234885
0.7091623949452548	-0.6808429964713082	-0.0355062707083967	-0.17966862968215302
0.741637749725975	-0.6591873021378597	-0.07820973983905471	-0.0965856380416337
0.6078451189366995	-0.7573768236180185	-0.2230252598831335	-0.0846427308466065
0.738640932299486	-0.5889755489180794	-0.16417641730351246	-0.2838370657785486
0.7426738639845399	-0.6371971170390033	-0.19864980281384648	-0.0543472320682068
0.5791618443312577	-0.7400939973255138	-0.20791773016034854	-0.27129808454636495
0.773984657230063	-0.6117293883158558	-0.11331481448606376	-0.11787560672658044
0.6400659514167435	-0.6771851436997038	-0.16180567598068454	-0.3248919546708162
0.6140924607847243	-0.6945308242162553	-0.2051792630706822	-0.3137177932898011
0.6139862758691107	-0.7687692049491184	-0.08453313430084737	-0.1576988007930166
0.6519987930288834	-0.7466255847751435	-0.11023615189900353	-0.07277225338378637
0.6739184201505953	-0.624314451441391	-0.2956442216716589	-0.26203038544283314
0.5736779627446191	-0.7582925200358385	-0.2524601858299004	-0.17930394220321264
0.6015902487912155	-0.7143175006353989	-0.18690727080986536	-0.30480379420822157
0.6232320981953902	-0.6804385733082663	-0.3144953587611522	-0.2228851028015928
0.6873340064889327	-0.6231052676710318	-0.1921126056241746	-0.32000708692898316
0.7384864551230723	-0.5786006604258552	-0.26735821229416673	-0.219951398434722
0.6939527698192897	-0.6312918810280368	-0.140293047204482	-0.316572227326245
0.6993322657866127	-0.6471363356326225	-0.29089867738383046	-0.08675773527520271
0.7425078440637117	-0.6273888674719377	-0.22558139358130608	-0.06464012179795123
0.6381396932651952	-0.743190867443664	-0.05375843383605072	-0.19379137550270792
0.7211393623181075	-0.6584157196645154	-0.21118330877743807	-0.04299267737539195
0.698338387549449	-0.691972610744471	-0.1797909693207759	-0.03424339067633497
0.7210575533115583	-0.6758489151742895	-0.04292023489837147	-0.1464994952426586
0.7293157422533537	-0.5875217640324939	-0.28728889968208504	-0.20095226549865805
0.7094094538019647	-0.6556667845352926	-0.2524472479813054	-0.055764518290874726
0.6192054459480448	-0.6911857198476845	-0.317881550628793	-0.19441768478395952
0.6218721919397372	-0.7682488949746635	-0.10974944735724732	-0.10499367155716549
0.626734573785726	-0.7463893921170651	-0.21463781314473548	-0.06353942496740057
0.6184575709707247	-0.7015315059200972	-0.3152055625726125	-0.16127378098672576
0.5835901994866446	-0.7811974096147166	-0.12892229883237807	-0.18036664641271635
0.6430907989517644	-0.7491597303934241	-0.059742244492075935	-0.14705368707884378
0.5860552661237406	-0.7637523584863944	-0.1254229344824291	-0.23977207398051564
0.7767472126639302	-0.6015421298291574	-0.10399127214848321	-0.1549085180884391
0.7335412664342811	-0.597293635927635	-0.2890946017651546	-0.14690757008603525
0.6272363462134957	-0.6858242804720758	-0.3220504789498879	-0.18028619279315605
0.7050886188721143	-0.6361532926200593	-0.2967901217486068	-0.10037256327362949
0.7284127014528756	-0.6477577342346651	-0.2177592998023613	-0.04904835828936521
0.781923704145407	-0.5761867278337126	-0.1476554547026108	-0.18655305481382572
0.6232717684844247	-0.7509460402611715	-0.2079288017253785	-0.0661661593219133
0.7485316841904681	-0.5756107821083168	-0.19791732856022987	-0.263061354704972
0.7715920468086873	-0.5675800122444874	-0.21874876165100604	-0.18613871783774372
0.6609942132690941	-0.7069318522828172	-0.051170799455281794	-0.2464052668590176
0.6547081915613354	-0.6556776373696296	-0.32760382938672	-0.1847153234764866
0.6672375670052555	-0.6576774723170106	-0.13596528255792106	-0.3221301189310922
0.7199800969144307	-0.6037532750367041	-0.3025093006959093	-0.15999614345981225
0.595205168877249	-0.780335555320091	-0.11748686276780769	-0.15167091059945798
0.704753401150217	-0.5986728841277279	-0.2732694289972486	-0.2650230943765221
0.6340411255767363	-0.7435262829106648	-0.20477266377978515	-0.05682142084607117
0.7002229732259834	-0.6026192778206141	-0.2857717070555595	-0.25470046174295913
0.6615741101006779	-0.6642861274598579	-0.32143185723233625	-0.133136016408229
0.6753199350587061	-0.6926601466427551	-0.04881452544768958	-0.24855994985206012
0.6079325773428885	-0.7575231586537262	-0.22237206609235055	-0.08442339563375424
0.7615168982475016	-0.5938381057849093	-0.1085632203967448	-0.23592868621340396
0.765503071800088	-0.5854528400879385	-0.12512769650571814	-0.2357818454944496
0.6301298707924223	-0.6895810495049398	-0.15689642536450302	-0.32062101273408705
0.7617681635513479	-0.5826794909774808	-0.2473937819612834	-0.13780490717214544
0.6522799017938928	-0.7410889658733792	-0.1502508212159961	-0.052371414916855985
0.6514650880814079	-0.7387673771574486	-0.04864930898542005	-0.16567814036326142
0.7684786821154733	-0.6204613593375226	-0.09449776730562673	-0.12465307327679713
0.6595097896109047	-0.658373696031302	-0.3267249486035415	-0.15761256847560107
0.586510061811427	-0.7307083278012622	-0.2856862100897182	-0.20113347916349636
0.6767386904942175	-0.6273213719919932	-0.21854883905988187	-0.31737839557196196
0.6028889656452446	-0.7081679816245399	-0.20457043657655746	-0.3052440685482829
0.5721411132342396	-0.767933558945766	-0.166672129916447	-0.23484675152339168
0.7337045539812601	-0.5833778520666942	-0.27974693912416	-0.20758024770163913
0.634784846183695	-0.7512298482448061	-0.17087406783718773	-0.05919431647042114
0.6101621670415665	-0.7263845544929689	-0.12342120561131105	-0.29126416688401785
0.7272115311225595	-0.6507547449419043	-0.04682349012572587	-0.21328200043704024
0.7428882744369566	-0.6186391961617501	-0.24360014501929836	-0.07785580275741427
0.7534796096994104	-0.6187481544369	-0.2107320434433508	-0.07078986519512365
0.7001903071244312	-0.6228138115561426	-0.31513135517413926	-0.1500956992389012
0.6611428952473508	-0.7276760749985162	-0.17786356532812828	-0.04173911915063405
0.5837258443059049	-0.7386303507948104	-0.1872213031788607	-0.2804238349536334
0.5817858822924226	-0.7673467662077844	-0.23434125675576795	-0.13337279684332334
0.6091477923522013	-0.6963358111700976	-0.22481325679583408	-0.3058012503626691
0.7713887730584507	-0.6037845124572236	-0.17891447127174323	-0.0916146019241647
0.6698190194306708	-0.712741123401423	-0.038331325607639875	-0.20462962077512892
0.685745096738568	-0.7004762126991299	-0.034654534384669	-0.19464275221101157
0.7492707818485425	-0.6185882398526598	-0.22504341924999743	-0.07278285812148344
0.6706731838997393	-0.7101958270621674	-0.03875538235318714	-0.21051695409141916
0.6083490180044085	-0.7278212502035863	-0.12551599697779875	-0.2905743184588572
0.7433115747841895	-0.5969794505997921	-0.27390369484083954	-0.12680774544938064
0.7444397176153652	-0.6487264231474709	-0.05541813610418579	-0.14796068713608282
0.5811836106444791	-0.7402175148912113	-0.27612907894915617	-0.19508042732477388
0.6310868439096271	-0.671203732807553	-0.2262934375688522	-0.3162376078562842
0.7194560199643889	-0.6092205930882496	-0.3015268954667458	-0.1425301217441004
0.6115678529472527	-0.7065552496831358	-0.17134496084806267	-0.31209829345682905
0.5940790306569851	-0.7672507598924219	-0.1041232301347803	-0.21807046962956184
0.7768099382601787	-0.578584291107784	-0.1366789497509922	-0.20766656591393354
0.735463755870204	-0.6495264130703778	-0.1871449028419853	-0.04674706264018727
0.7449307924223851	-0.6526665160243147	-0.0647008517490499	-0.12214062855818186
0.7765822072465121	-0.5719856605316268	-0.15875388273626606	-0.21106796121271842
0.6036693647617053	-0.7639047525540609	-0.21012980047569382	-0.08875975453753344
0.7115533799854711	-0.6209599130980921	-0.1260911943048212	-0.3036471380982299
0.6151269667278559	-0.7266064989320169	-0.10957429029642082	-0.285753889597289
0.5882705670940654	-0.7614295844089465	-0.24334750433210847	-0.12224859922706682
0.6325410324432247	-0.7580965692042703	-0.07079716894300284	-0.1420182907446436
0.7135068985830421	-0.6822804100581168	-0.03908539210615475	-0.15451109943704577
0.6320885631626652	-0.6824110468184458	-0.17334510559276115	-0.3236212073800861
0.6059304854793004	-0.753118741223283	-0.09126617406634333	-0.23943870584424903
0.7101652144822292	-0.6253466109555009	-0.30151241490346353	-0.11703524240569725
0.6051307360113131	-0.709505560794153	-0.1882936443514313	-0.30816254644819757
0.6296975399663999	-0.6887164983197276	-0.16112803176749108	-0.3212294358884488
0.7293585281042513	-0.5951399021852808	-0.16577247834609557	-0.2938777292199728
0.7679679207734514	-0.5764254816295871	-0.23566515540680022	-0.14973600541649607
0.580482776764716	-0.7320994350220285	-0.2515147769378043	-0.2526073635147599
0.7463806142891163	-0.5732505803538194	-0.24745658259248365	-0.230358395699093
0.7406085950044448	-0.6404774366789162	-0.19641422978729015	-0.052048174298553185
0.6948508215320088	-0.613401070892596	-0.20734854735086064	-0.3129345649742076
0.6081000513658318	-0.6963259451972057	-0.2321632568243456	-0.3023982932405601
0.7420175430767545	-0.5842267934582677	-0.1744921140671532	-0.2786422826854943
0.6794203212928822	-0.6277694290906285	-0.32075830064427463	-0.20348877974301227
0.6936955385253301	-0.6916552340281187	-0.1980064202170901	-0.034539754260470346
0.7422930359389666	-0.60724531610515	-0.10185043786157733	-0.2643495094988329
0.6531576727877025	-0.6430127442861593	-0.27572050031013084	-0.28965129185430183
0.6045057510037046	-0.7504090487935847	-0.09705943672418536	-0.24907533445714375
0.6267683539196481	-0.7045670448691221	-0.12620896810189863	-0.30792532565526487
0.6987598179259169	-0.6326820711353514	-0.31010007755167446	-0.12363678909801433
0.7306226005457916	-0.6053395815286817	-0.12822871681173154	-0.28863818664757707
0.666911882908889	-0.6371208993191597	-0.21490176066598088	-0.3211272852753667
0.7746587820439959	-0.5955799565370997	-0.18596749566958426	-0.1029775573985055
0.7750256573513707	-0.5912269856634921	-0.19452623787664444	-0.10929512636845054
0.5861543265287856	-0.7265817111176435	-0.22243292170302348	-0.2811151328256797
0.5958415017519797	-0.7792836368686289	-0.11246003818347777	-0.1582487216710427
0.6007591255104524	-0.7089739439891356	-0.21289214705575926	-0.3018631371704654
0.6363569949744444	-0.6673699933044885	-0.320503875432968	-0.21666640906312684
0.606101275526354	-0.7711497819286007	-0.17288422980066395	-0.08989049295130891
0.6473588910629168	-0.7361189410016349	-0.04777289193010495	-0.19176319161157196
0.6203403557818947	-0.7317478820415776	-0.26809500900083927	-0.08858863507751798
0.6151875514737251	-0.7714602572534299	-0.12915694732418984	-0.09854862225384418
0.6905861495603303	-0.706953455970985	-0.1474378402434277	-0.03961899027576382
0.5935240412766762	-0.7629060312012698	-0.23245073197706234	-0.10802896457273566
0.6363998592795334	-0.7587589921193503	-0.10442820012993123	-0.09151372577182453
0.732804170608596	-0.6474095840356806	-0.20389079709374222	-0.047826989220239535
0.7596601562579347	-0.6321741816786572	-0.13217066788569395	-0.07617851116778142
0.6708966074123887	-0.6556186244728252	-0.13157843162818705	-0.3205449699140111
0.6030287121379628	-0.7101940350348523	-0.19557797384044084	-0.30615365600726124
0.7012950144224875	-0.7040598677658596	-0.08213924658485386	-0.07575057437508755
0.6197075300683232	-0.7263154495672098	-0.09886656271677965	-0.2804529330799892
0.761906964719567	-0.6087115510116508	-0.08199033867228062	-0.20553736677599949
0.7605843795586085	-0.6197226138303246	-0.07154669695221186	-0.1798231176294789
0.6546879814634696	-0.7137083098073236	-0.05238828923047459	-0.2434328708099326
0.7249411836981134	-0.6067079903036715	-0.136992331149811	-0.29597093757022586
0.7050360110455423	-0.6097264459670914	-0.1841289618859011	-0.31185639261068543
0.6567738397870104	-0.680247650435445	-0.30809944715367543	-0.10481406447649298
0.6367401566941444	-0.6961522823724987	-0.11875849761682832	-0.30956484271388274
0.7673081469510957	-0.6046687875980117	-0.08773789200902807	-0.19472012539293007
0.6130446616059614	-0.7262707900815835	-0.11569906269071902	-0.2886532682011304
0.6180926607212786	-0.7086605290742425	-0.3091492626853744	-0.14208606784549446
0.614437958086592	-0.6921354986245857	-0.21434242158726946	-0.31220469809754736
0.7181908190439318	-0.6864883362742495	-0.08611176277505757	-0.07429990519638233
0.7630276011970398	-0.6285136241844401	-0.08439545276262225	-0.12504763723886717
0.572300388189049	-0.7743755318697284	-0.15848704011477072	-0.21839564884813542
0.6852030677298886	-0.6222100110157478	-0.31814507032971073	-0.20526853726335145
0.7614967764147281	-0.5689416039623743	-0.1995987052293995	-0.23788330681543363
0.711660537507545	-0.6916027566037695	-0.11020996018741311	-0.055485773744519656
0.6383281054186702	-0.7177467852158107	-0.07353382623675364	-0.26827142699878187
0.6380203648003112	-0.75321786154563	-0.06392160149234243	-0.1466522963044224
0.693217301474085	-0.6554402414813817	-0.28863650613222386	-0.0808506654987957
0.7352342331857745	-0.6312883857930525	-0.23817526275243547	-0.06463853747832332
0.5893774674799881	-0.7384765961952328	-0.28408333774582206	-0.16304347553328158
0.6633576282073648	-0.7287635400097291	-0.16437701921915063	-0.04290169465434221
0.6698429206413092	-0.6358364635776338	-0.32253536490033546	-0.20734847875115076
0.7644572166822688	-0.6222669725007173	-0.07815091397957451	-0.14926959985659233
0.6206510616261554	-0.7380262929080549	-0.0795401161719039	-0.2525526095649779
0.6824603970321743	-0.6182670190232938	-0.30283290501328236	-0.2455319354217559
0.7644345389338745	-0.5820162905997547	-0.13613737235311868	-0.24158536588594304
0.595640701152784	-0.734987379306525	-0.14903312536112767	-0.2877409163387097
0.7630052064788129	-0.5888557989582793	-0.11894340052226716	-0.23858828636718551
0.616561818554528	-0.7588592993730401	-0.07299233147081058	-0.19661181857214768
0.6929900682139984	-0.6216330173398515	-0.3192397305375406	-0.1772657653243511
0.7310624643846085	-0.6717873260732707	-0.07210799405381282	-0.09513095652185537
0.6813922002423192	-0.7212536273260376	-0.057676613787827555	-0.11032353665439734
0.7751424765770843	-0.6092568927600495	-0.11136576307929733	-0.1247310965400348
0.6746975798307157	-0.662776175023766	-0.307978963584997	-0.10324667345998331
0.6507631574371116	-0.7456750780752547	-0.12877653417588888	-0.06239066521195394
0.7245658833211329	-0.6261731333801381	-0.2743773305360419	-0.08734167532101518
0.6396552968153902	-0.7413579328134118	-0.052620313218587636	-0.19611379183376537
0.603701282143741	-0.7023316963907038	-0.22833153396666145	-0.30023267773410445
0.7477801483002398	-0.6251101543994569	-0.2141165102108641	-0.06493277084707927
0.7714276716750907	-0.5997321632784475	-0.18999471885013725	-0.09551275575732851
0.7017690537666558	-0.6328562701645994	-0.3058802640628572	-0.11597586190945464
0.5877858832051962	-0.7332093968961018	-0.2872427086369387	-0.18548143341816384
0.7445286877200621	-0.5802504931960427	-0.1855501988152624	-0.2730522331481798
0.6365271523100351	-0.6933279683767722	-0.3133162728971257	-0.1263424939458947
0.7361755793868368	-0.6034801547535599	-0.12210720203809206	-0.28097517745079015
0.7128914461604732	-0.6459102844388523	-0.26480150431463206	-0.06682704362799409
0.7369805305765565	-0.5818669138817127	-0.2033893779569705	-0.2773505958442221
0.7464256512258532	-0.6311508781911492	-0.059049667559189126	-0.20251037729398277
0.7296023967762314	-0.6729496144442975	-0.06617165290257244	-0.10217862491632689
0.7287631105365632	-0.5833575803678124	-0.23477148390849528	-0.2710730759258237
0.6615395293743459	-0.6536138465297625	-0.3275009781630708	-0.16702544716889314
0.7002390514904314	-0.6875834557735481	-0.034336747512980624	-0.1889847874420474
0.6975072562884765	-0.6991153693838187	-0.03788015475365306	-0.1525988911889186
0.6961288641307095	-0.6145268501946647	-0.19632042753511025	-0.31499149932393994
0.6889575811671589	-0.6136060522684134	-0.23753363779550252	-0.30397834608324636
0.7366975011896363	-0.5833932774221995	-0.1956613827364571	-0.2804384048328403
0.7512481876611529	-0.624405892360554	-0.20377293174144392	-0.06496179192995105
0.7425068359956544	-0.6280422422902746	-0.22400554937338732	-0.06378130014865765
0.6097305459651028	-0.7013332081187106	-0.1982468308146452	-0.31154227093440195
0.7206479633715789	-0.6003778113497469	-0.1709877410199753	-0.30162259356382604
0.7550686127347468	-0.632558902498091	-0.16019926078655256	-0.06384999433576737
0.7246996530383253	-0.5878612744440646	-0.2846578218631509	-0.21954375269466814
0.7411884097732733	-0.6450079872574229	-0.17909424413775327	-0.05029601682659593
0.6429714714128192	-0.6533980265798148	-0.29362497865661824	-0.2710038334041385
0.5678558163449238	-0.7739842513253898	-0.18160380782557364	-0.213326527948982
0.6099471405880746	-0.7045705515222096	-0.18484674103698343	-0.31205208851108035
0.5671208704237404	-0.7642516667584823	-0.2246521946509974	-0.20934349673489047
0.7427237115078275	-0.5756565908148275	-0.22412625882667028	-0.25835711315899174
0.5872397596323288	-0.7729829106599888	-0.21008135963711067	-0.11624416917677771
0.7348269006374034	-0.6518577093858187	-0.18167116676725184	-0.04589705850407566
0.7276147276562479	-0.6081233138620467	-0.1266179668378337	-0.2910854405651717
0.7726561888829034	-0.6134866638883949	-0.10294763851411246	-0.1266424523467631
0.6568843417596968	-0.7046350963295644	-0.05995669776565468	-0.26152922774442067
0.748665495190414	-0.6218748313977602	-0.21924777673643786	-0.06857173456628057
0.6878759403753429	-0.6139970189228064	-0.2418985231417063	-0.30219109170937813
0.672902400355801	-0.6708407184377962	-0.08910517392366654	-0.29872287836939376
0.6046548896772572	-0.7031874931289637	-0.30435817574527596	-0.21745324728178994
0.7666113549960389	-0.5734443126482088	-0.2384211179706768	-0.16316868936218398
0.5682580834349853	-0.7740913119000017	-0.17877640280100715	-0.21425309625128805
0.6218911007353718	-0.7631708268564564	-0.15883364595394797	-0.07479051259589087
0.609212073340738	-0.7232820273546613	-0.13318760694726242	-0.29662235242353485
0.6357199334250645	-0.6857057483020158	-0.3212670789430886	-0.14985078237693378
0.5965170872781685	-0.7789019253285527	-0.11099594176562778	-0.1586160654416972
0.5912241721443192	-0.7773102778402151	-0.1839847683774625	-0.11132077632375335
0.5939782513487409	-0.7481309479059081	-0.2673231252907957	-0.12660279773709954
0.6016293932405622	-0.7329784832349044	-0.28769343474389775	-0.13422780601987944
0.6538155509745109	-0.6650698296587226	-0.32608946102415926	-0.15450893304462243
0.6844592165519879	-0.707537343038624	-0.035579295074426615	-0.17216446452415765
0.646294703563648	-0.7335422425613576	-0.04851383413808592	-0.20461022071454021
0.7137411410640094	-0.6669392711311246	-0.0397779383067464	-0.2101982583177003
0.6814207698587366	-0.7042259873820234	-0.19618473571994782	-0.03525680886630497
0.7285948600176214	-0.6038527243293104	-0.1373113902488466	-0.29267217049781374
0.5902048783319557	-0.7294311952459596	-0.2910685696694893	-0.1867282001888565
0.6408846369651932	-0.750266782866339	-0.1508784493605454	-0.060019414758421485
0.5893919302793135	-0.7775628185481849	-0.187016009193822	-0.11418506048622792
0.7299471420351028	-0.5822708370424947	-0.23891899463081084	-0.2665624807980683
0.7721014720055844	-0.5987714513034006	-0.18948718024965933	-0.09709106319256264
0.6398266804869146	-0.7234796864994466	-0.2513342376177735	-0.06348277845881198
0.6288167868620784	-0.762711100727949	-0.08332687882535558	-0.1261659884914954
0.7016157719035219	-0.6355993561379448	-0.10914667194387097	-0.3030441735074808
0.6051100260599725	-0.7527487564617532	-0.09324624340027395	-0.24190143467685418
0.7393500876817404	-0.6115352862233532	-0.2647384858446645	-0.0964343074916733
0.5736555980245668	-0.7501028376482187	-0.25721174833769916	-0.20520015673539493
0.5686264195676412	-0.7754043055302741	-0.21102050913560844	-0.17573418181716047
0.6810166459330967	-0.7051140169760728	-0.1943926005237136	-0.03524298352196384
0.7673013523068388	-0.6062222722718035	-0.08606615227945645	-0.19061953934871703
0.6043140716355402	-0.775513785073905	-0.10071017213554259	-0.15244780487776627
0.7777118880203069	-0.5729961715609645	-0.15467332129054415	-0.20716121811120794
0.6918047646202369	-0.6825456067429345	-0.04164466547799969	-0.2319555651453171
0.6458190235208302	-0.7507388292741402	-0.07167716035257683	-0.11904362125912393
0.5701567319948784	-0.7638038054299653	-0.18483688374101845	-0.23950025924940715
0.7389254914549249	-0.6404456969732983	-0.20273398115627836	-0.05212830508475577
0.6033386338642109	-0.7052710133485176	-0.30375603570934706	-0.2151919175697929
0.5989155358064278	-0.7176549423298902	-0.18719592611980057	-0.30204180168203787
0.664396929220274	-0.7017440941479584	-0.25174724231106277	-0.05249069212637991
0.6383440716827713	-0.7390106579840169	-0.05387504911199656	-0.20851276367808075
0.6024979504724929	-0.7677520988074098	-0.19839819376113574	-0.09050464720433621
0.6421687639466496	-0.754766637146386	-0.09097265025941052	-0.0983391019215992
0.6350333533005812	-0.680381261557597	-0.16925975773885826	-0.3242917105436016
0.7022178514582083	-0.6261750027997098	-0.31124515528944485	-0.133870864160393
0.605586100019266	-0.7602279971685243	-0.21855667665709155	-0.08690136289608555
0.5665198278904615	-0.768425927188667	-0.21737823598894487	-0.20328202465917591
0.7762185293265497	-0.5908155045458314	-0.11076712051657735	-0.19013805334768968
0.7530469905173337	-0.628130335904322	-0.1856657351449897	-0.062455952339074014
0.7322939664373869	-0.6674868549810077	-0.05586983572943487	-0.1228226632284459
0.7421942678557667	-0.5842527443705173	-0.1738751797243808	-0.2785028210510183
0.7106176088845363	-0.6310777654087416	-0.2940810917651425	-0.10138924704402981
0.7342910850813491	-0.6301178009977492	-0.06731658009135427	-0.2433857787148213
0.596310216458681	-0.7082155068598438	-0.25799020858033755	-0.2761991561662153
0.5991941667711305	-0.7625520671290521	-0.22386441389049633	-0.09677509813027708
0.6096997552412561	-0.6944035421876612	-0.3035718048052994	-0.23219407482370155
0.5964751415071611	-0.7114713455111978	-0.29299929124522117	-0.22842360957286287
0.6193313415303329	-0.7694433939828949	-0.09900692981546325	-0.12076084093296836
0.6220699442408296	-0.6911336259355765	-0.18212634933037292	-0.31967685004226465
0.7345533086527773	-0.6459970357388768	-0.20189160630140598	-0.04857000997405647
0.5982201591357792	-0.7358306688700488	-0.28547727458343114	-0.13852289937131612
0.744747763783613	-0.6535075557743897	-0.0668986995569613	-0.11748704985094283
0.6685584022834905	-0.6717048636888135	-0.09668700420324504	-0.30412803562174323
0.7364241409171475	-0.5802306950576647	-0.27174719800112546	-0.21717570206143597
0.626465412978827	-0.7585176296237867	-0.16611792803658856	-0.06780063330095307
0.6121566737041323	-0.7689034877786152	-0.08452487445963679	-0.16403407852929872
0.6427771718434071	-0.6743177031397244	-0.16175038278222684	-0.32553026934397433
0.7500502818117388	-0.644053216724878	-0.06358157658617133	-0.13629897981747713
0.5938800675945536	-0.71289613443713	-0.2421858031304175	-0.2836046607172751
0.6123131574394411	-0.6890333918071508	-0.24834932452355019	-0.2977048793855618
0.5795305687456116	-0.7370113738247185	-0.2198762457117508	-0.26946797827217756
0.7171385495265723	-0.6171655481184699	-0.12397395885401007	-0.29908099993917475
0.6714894571580801	-0.7152340840963792	-0.03728660454750431	-0.19013632739084432
0.6013488176736667	-0.7074750102252902	-0.3016167191483121	-0.2165319009278236
0.6489377219099018	-0.652984649300822	-0.2241276952093352	-0.3197775118735222
0.6055542550509967	-0.7413179764324298	-0.10742989256554902	-0.2687201521864604
0.74930806613216	-0.5800582388400788	-0.17269873766734775	-0.2687843142579812
0.7147436600705165	-0.6214046007613299	-0.117537703152962	-0.29863474492962183
0.6999860154148041	-0.6867147890051563	-0.03449961844821181	-0.19300816851168998
0.5700252124840698	-0.7756921962721172	-0.16789158348454974	-0.2125683183592535
0.7273022331074114	-0.6558346943655962	-0.19759868283906265	-0.04320967395879044
0.6777207052432297	-0.715432403380376	-0.03783980657278703	-0.1655876532732205
0.7645248655503921	-0.624045875056582	-0.0806677885638745	-0.1398613015391801
0.6090956945999417	-0.772724015972761	-0.09362329664515207	-0.15210098054922735
0.6811595233063141	-0.7230766150600166	-0.07606383147297999	-0.0860011982713801
0.7605751775485662	-0.6286247565456333	-0.14483160983646046	-0.07334929820447819
0.6919653266974132	-0.7013119825905954	-0.16761936293926213	-0.035344573716860284
0.6575516636402574	-0.6499638104141042	-0.19673958200149452	-0.32629188109694857
0.6476195067612521	-0.7362458839311343	-0.19041578492991704	-0.04767391012176875
0.7374023394211867	-0.5777340746840403	-0.2560020283340856	-0.23858769929309148
0.653354579014355	-0.7185826398024988	-0.233046350151951	-0.049559888380636796
0.7195543954784867	-0.6062529899168833	-0.30252617847665625	-0.15223894212959901
0.6286156595889855	-0.6696526528594653	-0.300917801484258	-0.25662453855324463
0.6329978564292978	-0.725353018982349	-0.07277122117734146	-0.26053994123255697
0.7260004608371808	-0.6030776153382665	-0.29641791738975687	-0.1461408190494015
0.7685159525999304	-0.6030800287272289	-0.09005610249462721	-0.19382365168694793
0.5763506846092554	-0.7596732649393271	-0.25260972965248696	-0.16402665445519124
0.5819104357310625	-0.7675398493036242	-0.23371830108478828	-0.13281031682928437
0.5803561342699861	-0.7576304488498838	-0.2566886067644802	-0.15262312913851364
0.631708670542391	-0.7362918721938954	-0.06313487583833846	-0.23416323783986834
0.5855111064229505	-0.7826928643262845	-0.13093506985528347	-0.16560384014291668
0.6027445666698781	-0.7371226330153843	-0.12231350594405224	-0.2799796733873408
0.6083763018321284	-0.7066714910917099	-0.18413352070955022	-0.31078694566919596
0.5707657836913334	-0.7562960288836852	-0.24689517421709523	-0.20318836042031593
0.703650300147101	-0.6003324483777297	-0.2869960877212588	-0.24921968654258966
0.6960298606161558	-0.6863913960514041	-0.20767044037367868	-0.03580883623159914
0.7028197365307308	-0.6396281384055249	-0.29590144124439516	-0.09676052693245542
0.7149518877423208	-0.5942601398327683	-0.2915863643736857	-0.22511347478764282
0.6427642383605435	-0.7542168120350712	-0.08669978951601881	-0.10244159714843587
0.7792063374336573	-0.5883477879412108	-0.1179022011991733	-0.18106196475322717
0.7087671557854828	-0.6047729714601218	-0.19271905132967088	-0.3078280999610714
0.7438505144156661	-0.6452657548908945	-0.05246237953366537	-0.16603076974554587
0.591104070212046	-0.7779666505289345	-0.18093184686409483	-0.11237230812745022
0.7192540263423535	-0.6036217149212778	-0.3031145750053076	-0.1625915904503074
0.6054683146815287	-0.7727671384070905	-0.16610472466972528	-0.09299618356266227
0.7275395766972654	-0.6560239157358346	-0.19611487867805535	-0.04310151601600418
0.7202645245505417	-0.6620192486743323	-0.04080693072748211	-0.2031854410710991
0.5805072296670784	-0.7493644068161701	-0.17059732385997822	-0.2689998051915966
0.6250169247707648	-0.6858711527385177	-0.32101633226891463	-0.1894284033819816
0.7276536098968891	-0.5842250843810156	-0.2333157204671445	-0.2734319830724239
0.7492597690026104	-0.5932357441889798	-0.1267466415574101	-0.26573753823014845
0.5768505230977206	-0.7485862422820596	-0.1904810681035263	-0.26566722523121183
0.5732302102622143	-0.746256339308887	-0.23221520831022568	-0.24613959273850114
0.6818896677276747	-0.6745991889468023	-0.2751393829641793	-0.06512092797748276
0.6759299691613786	-0.6826385038595424	-0.0617375016488306	-0.2707615754276512
0.7323035765609968	-0.6248395920221158	-0.2590377819499035	-0.0787806037047325
0.7747914965861232	-0.6101534133231161	-0.11397245218289202	-0.1200884223037523
0.6212585833141971	-0.766789964255987	-0.13695575734028934	-0.08552218370742425
0.6634353235361893	-0.6400793062093939	-0.21677960395076054	-0.3211832133812165
0.6485845661625752	-0.7365903506558051	-0.04738773471936971	-0.1858147422962686
0.5880085202474125	-0.7610695102569847	-0.2445287130421781	-0.12338917769228283
0.6002242546434421	-0.7234263623153194	-0.2995489417678847	-0.163265348223954
0.652529098267532	-0.694613822248231	-0.2908957820267845	-0.0842440375034939
0.5816705796367586	-0.7320368614817176	-0.2297128634758193	-0.27020986394055513
0.7588021999779645	-0.6057333432931062	-0.22288324376784716	-0.0873464239627431
0.7152294946977262	-0.6788526825501354	-0.16168005943335642	-0.0382800691032098
0.7147969804259299	-0.6433374925771094	-0.26545773057638333	-0.06866105661731949
0.7316762004293783	-0.5966434951089126	-0.29154499368159054	-0.15384405782691235
0.7222106152877638	-0.6672749798785784	-0.03932407014236358	-0.17779073626359385
0.7381415529893616	-0.646950783805511	-0.18508583549434043	-0.04842483436471948
0.7536693431145861	-0.625858271447143	-0.19020734037297507	-0.0640711555901835
0.7206129835177617	-0.5932291366652404	-0.20451103311428742	-0.2949090651905607
0.7752986212657589	-0.6020473265050456	-0.16298120957679943	-0.09943937769527642
0.7791535245429787	-0.5924247171419391	-0.11333658875864308	-0.17060937066908477
0.6749004411586347	-0.6451141233933828	-0.3244075352056523	-0.15197668710713808
0.7150219158983007	-0.594702259587457	-0.2932362120762471	-0.22155226506147574
0.6274845685183169	-0.7646737483466715	-0.11003803056817595	-0.0971020426639421
0.7309033632062227	-0.588308070864425	-0.19085147507291778	-0.2885300710014508
0.7833808662562005	-0.5793461609010163	-0.1437492167520747	-0.17322992500172554
0.5818414461805453	-0.7313373168649802	-0.2690665693483499	-0.23282921149712454
0.6783475563615198	-0.6353927492691959	-0.17499813759708407	-0.32480193778984656
0.6457730741758914	-0.687178128141828	-0.31184471909731454	-0.11625931379476145
0.7516143152416294	-0.6355572305229664	-0.059672185470550476	-0.16607877087394865
0.6832395425446529	-0.6979207563568829	-0.03665009383261127	-0.21153514122166694
0.7443989768951533	-0.5899296023145174	-0.1466584698040207	-0.2763051225461215
0.5952174138902682	-0.7676893230383534	-0.2144739131721385	-0.10183454258416266
0.725783690861445	-0.628951267743563	-0.07980501919577761	-0.2670009284524399
0.5976416756309364	-0.7146812346225556	-0.20512514024392395	-0.2999647267052188
0.7501806719640871	-0.6432579544434539	-0.13973607320989978	-0.06262581975999676
0.6306227714965297	-0.7524704770037174	-0.17993945215131524	-0.06103191679210285
0.6196246583629164	-0.7221918119685954	-0.10672236171321667	-0.2882960405286715
0.6905383283444514	-0.7131299720563316	-0.058383157022521004	-0.10580107285973078
0.7328968926247161	-0.6490679675988825	-0.046710881148882825	-0.19847169017365165
0.6859608303699912	-0.6300737269858803	-0.3224549131813296	-0.1687828982019669
0.6625101989961013	-0.7362942459318419	-0.1252837381849539	-0.057052647442607796
0.6613651403999405	-0.7339402233385292	-0.14688227191259615	-0.048512862493889086
0.7598110820893661	-0.6334181642071728	-0.12200381785844404	-0.0811394923238064
0.7632964008698356	-0.577805351067769	-0.15171223655063326	-0.24597353105042014
0.6613402295785781	-0.6776349569071793	-0.3057073530231193	-0.09991486488984896
0.6600793270173861	-0.7339452724452927	-0.15292973063102244	-0.04724528112523271
0.7013676451892107	-0.6757371020922387	-0.04002555058325275	-0.22329520916990608
0.5988476450273171	-0.7504805346146093	-0.10993361561306123	-0.2570507058306709
0.7667959644015504	-0.6164332915175119	-0.15974474209696488	-0.08071904024922857
0.7553139404185915	-0.5798059005029982	-0.260609295646352	-0.15940126779282496
0.6626942738497295	-0.6426551092650631	-0.3238196760657045	-0.207295748473025
0.686192017362598	-0.6480159323602688	-0.3106418444551938	-0.11277194326859179
0.5785747783789018	-0.7597204468938927	-0.25296157453727264	-0.15519829316964903
0.695620547133467	-0.607642117510441	-0.24051370533017602	-0.29838945856298693
0.6245460237911113	-0.7665426879285898	-0.11132065907923579	-0.09981123489913127
0.7261622300132582	-0.654849482401162	-0.20475904702544098	-0.04398072034807082
0.6845006374530814	-0.714421742289546	-0.13847353324054418	-0.04342271366663458
0.6847789089273448	-0.7090158491091537	-0.03661303149469965	-0.16441976014174475
0.6545401162499221	-0.7281182867026315	-0.04385353961310137	-0.19874069500775385
0.7385915505935964	-0.6067940020011713	-0.2728148176736796	-0.10888358822534461
0.7524623013746681	-0.5732478747907737	-0.1991328837313341	-0.2559950266599774
0.6069128655149246	-0.7336351630151134	-0.11761049682733243	-0.2821417946640991
0.65504247407443	-0.7394222025676049	-0.05200870475557753	-0.1465239166080694
0.6479396034564248	-0.7478216501427761	-0.1298500413138035	-0.06384368896977678
0.7623459820245067	-0.5808721705092407	-0.14269652938212793	-0.24709072366495183
0.6013588770544313	-0.7701947623321679	-0.1911554318440977	-0.09288234461093954
0.6004668745285254	-0.7067215435860521	-0.29793164841971426	-0.22632040406292064
0.733115460464155	-0.6593702411966953	-0.16028033928465973	-0.045637917255675536
0.6154920501962402	-0.7070290831980509	-0.15534479148887603	-0.31168478855187975
0.6257204326234893	-0.671656749732818	-0.2861194426307979	-0.2747486401867377
0.728054786617967	-0.6045224591813053	-0.29302449291195604	-0.13647516470678617
0.7551712126383394	-0.6413882520784725	-0.10406050718068151	-0.08665425865680886
0.5782292548229733	-0.762494869585607	-0.24757907873288168	-0.15151601399282733
0.5943309449633726	-0.7733412223884961	-0.19484637016916592	-0.10367725712764242
0.6074863672492555	-0.7219950715834835	-0.14172505204854446	-0.2993283144597254
0.6500829515975917	-0.6630136419155243	-0.3275911562860616	-0.17461128542919957
0.7427746204864163	-0.580847781755958	-0.2747867188410218	-0.18813286990589526
0.6142706747232209	-0.7708776484830769	-0.14119003186599827	-0.09211169386108863
0.6121575903450237	-0.748908646336035	-0.08355935347105825	-0.23961794272049036
0.7454798828496528	-0.6246631060704675	-0.06652370551729168	-0.2227786901503651
0.5887166330180168	-0.7216126542892481	-0.2821910953302959	-0.23033907374530216
0.5848931549006039	-0.7461725728289927	-0.16076910170098957	-0.2743716181503407
0.6953777259103825	-0.6945071150571831	-0.03411484926744667	-0.18150995152363625
0.7490045430989274	-0.5845733446392157	-0.2704507897951309	-0.1553144212675615
0.5693394912452648	-0.773267677786549	-0.21895959505553642	-0.17310787946334535
0.7483111084732166	-0.583622944538568	-0.2713842448555026	-0.16051584092520624
0.6080066921337125	-0.7071990104628287	-0.31047348472540426	-0.18385765473180862
0.601392327789917	-0.70454967350809	-0.2966033938877581	-0.2323003494817266
